987	8	1	200.098415	Macro	4.93257
3229	7	1	200.098415	Macro	16.1371
3374	6	1	200.098415	Macro	16.8617
3568	5	1	200.098415	Macro	17.8312
3579	4	1	200.098415	Macro	17.8862
4193	3	1	200.098415	Macro	20.9547
5250	2	1	200.098415	Macro	26.2371
6897	1	1	200.098415	Macro	34.468
667	8	2	152.086445	Macro	4.38566
2468	7	2	152.086445	Macro	16.2276
2738	6	2	152.086445	Macro	18.0029
2814	5	2	152.086445	Macro	18.5026
2842	4	2	152.086445	Macro	18.6867
3469	3	2	152.086445	Macro	22.8094
4278	2	2	152.086445	Macro	28.1287
4844	1	2	152.086445	Macro	31.8503
445	8	3	111.752468	Macro	3.98201
1593	7	3	111.752468	Macro	14.2547
1746	6	3	111.752468	Macro	15.6238
1870	4	3	111.752468	Macro	16.7334
1943	5	3	111.752468	Macro	17.3866
2302	3	3	111.752468	Macro	20.5991
2871	2	3	111.752468	Macro	25.6907
4081	1	3	111.752468	Macro	36.5182
409	8	4	91.553107	Macro	4.46735
1305	7	4	91.553107	Macro	14.254
1573	5	4	91.553107	Macro	17.1813
1579	6	4	91.553107	Macro	17.2468
1582	4	4	91.553107	Macro	17.2796
1912	3	4	91.553107	Macro	20.8841
2457	2	4	91.553107	Macro	26.8369
3822	1	4	91.553107	Macro	41.7463
187	8	5	59.652253	Macro	3.13484
749	7	5	59.652253	Macro	12.5561
860	6	5	59.652253	Macro	14.4169
922	5	5	59.652253	Macro	15.4562
968	4	5	59.652253	Macro	16.2274
1222	3	5	59.652253	Macro	20.4854
1457	2	5	59.652253	Macro	24.4249
3238	1	5	59.652253	Macro	54.2813
166	8	6	36.960547	Macro	4.49128
611	7	6	36.960547	Macro	16.5311
634	5	6	36.960547	Macro	17.1534
639	6	6	36.960547	Macro	17.2887
658	4	6	36.960547	Macro	17.8028
749	3	6	36.960547	Macro	20.2649
964	2	6	36.960547	Macro	26.0819
1731	1	6	36.960547	Macro	46.8337
114	8	7	36.394575	Macro	3.13233
502	7	7	36.394575	Macro	13.7933
567	6	7	36.394575	Macro	15.5792
643	5	7	36.394575	Macro	17.6675
688	4	7	36.394575	Macro	18.9039
772	3	7	36.394575	Macro	21.212
950	2	7	36.394575	Macro	26.1028
1754	1	7	36.394575	Macro	48.194
78	8	8	29.871179	Macro	2.61121
325	7	8	29.871179	Macro	10.8801
355	6	8	29.871179	Macro	11.8844
395	5	8	29.871179	Macro	13.2234
411	4	8	29.871179	Macro	13.7591
522	3	8	29.871179	Macro	17.475
623	2	8	29.871179	Macro	20.8562
1685	1	8	29.871179	Macro	56.4089
69	8	9	23.530221	Macro	2.9324
291	7	9	23.530221	Macro	12.3671
396	6	9	23.530221	Macro	16.8294
447	4	9	23.530221	Macro	18.9968
454	5	9	23.530221	Macro	19.2943
559	3	9	23.530221	Macro	23.7567
622	2	9	23.530221	Macro	26.4341
1406	1	9	23.530221	Macro	59.7529
61	8	10	21.567209	Micro	2.82837
310	6	10	21.567209	Micro	14.3737
313	5	10	21.567209	Micro	14.5128
314	7	10	21.567209	Micro	14.5591
341	4	10	21.567209	Micro	15.811
437	3	10	21.567209	Micro	20.2622
531	2	10	21.567209	Micro	24.6207
1446	1	10	21.567209	Micro	67.0462
67	8	11	20.237436	Micro	3.3107
252	7	11	20.237436	Micro	12.4522
267	6	11	20.237436	Micro	13.1934
281	4	11	20.237436	Micro	13.8852
295	5	11	20.237436	Micro	14.5769
346	3	11	20.237436	Micro	17.097
528	2	11	20.237436	Micro	26.0903
1174	1	11	20.237436	Micro	58.0113
61	8	12	21.390458	Micro	2.85174
304	7	12	21.390458	Micro	14.2119
352	6	12	21.390458	Micro	16.4559
366	4	12	21.390458	Micro	17.1104
398	5	12	21.390458	Micro	18.6064
424	3	12	21.390458	Micro	19.8219
570	2	12	21.390458	Micro	26.6474
1202	1	12	21.390458	Micro	56.1933
36	8	13	19.641148	Micro	1.83289
291	7	13	19.641148	Micro	14.8158
307	5	13	19.641148	Micro	15.6305
316	6	13	19.641148	Micro	16.0887
347	4	13	19.641148	Micro	17.667
391	3	13	19.641148	Micro	19.9072
499	2	13	19.641148	Micro	25.4058
1115	1	13	19.641148	Micro	56.7686
49	8	14	16.949465	Micro	2.89095
243	6	14	16.949465	Micro	14.3367
254	7	14	16.949465	Micro	14.9857
261	5	14	16.949465	Micro	15.3987
301	4	14	16.949465	Micro	17.7587
347	3	14	16.949465	Micro	20.4726
436	2	14	16.949465	Micro	25.7235
1415	1	14	16.949465	Micro	83.4835
30	8	15	14.482381	Micro	2.07148
144	7	15	14.482381	Micro	9.94312
158	6	15	14.482381	Micro	10.9098
187	5	15	14.482381	Micro	12.9122
188	4	15	14.482381	Micro	12.9813
238	3	15	14.482381	Micro	16.4338
353	2	15	14.482381	Micro	24.3744
1329	1	15	14.482381	Micro	91.7667
32	8	17	11.444063	Micro	2.79621
135	7	17	11.444063	Micro	11.7965
141	6	17	11.444063	Micro	12.3208
146	5	17	11.444063	Micro	12.7577
178	4	17	11.444063	Micro	15.5539
226	3	17	11.444063	Micro	19.7482
284	2	17	11.444063	Micro	24.8164
1068	1	17	11.444063	Micro	93.3235
32	8	18	11.584139	Micro	2.7624
117	7	18	11.584139	Micro	10.1
151	6	18	11.584139	Micro	13.0351
181	5	18	11.584139	Micro	15.6248
209	4	18	11.584139	Micro	18.0419
227	3	18	11.584139	Micro	19.5958
345	2	18	11.584139	Micro	29.7821
1024	1	18	11.584139	Micro	88.3967
24	8	19	11.835338	Micro	2.02783
124	7	19	11.835338	Micro	10.4771
131	5	19	11.835338	Micro	11.0685
147	6	19	11.835338	Micro	12.4204
168	4	19	11.835338	Micro	14.1948
204	3	19	11.835338	Micro	17.2365
309	2	19	11.835338	Micro	26.1083
1130	1	19	11.835338	Micro	95.4768
23	8	20	14.689876	Micro	1.5657
183	7	20	14.689876	Micro	12.4576
209	5	20	14.689876	Micro	14.2275
213	4	20	14.689876	Micro	14.4998
214	6	20	14.689876	Micro	14.5679
259	3	20	14.689876	Micro	17.6312
415	2	20	14.689876	Micro	28.2507
942	1	20	14.689876	Micro	64.1258
29	8	21	7.570652	Micro	3.83058
87	7	21	7.570652	Micro	11.4917
111	4	21	7.570652	Micro	14.6619
122	6	21	7.570652	Micro	16.1149
123	5	21	7.570652	Micro	16.2469
159	3	21	7.570652	Micro	21.0022
252	2	21	7.570652	Micro	33.2864
906	1	21	7.570652	Micro	119.673
35	8	22	5.893421	Micro	5.93883
101	5	22	5.893421	Micro	17.1378
115	6	22	5.893421	Micro	19.5133
127	7	22	5.893421	Micro	21.5495
146	4	22	5.893421	Micro	24.7734
186	3	22	5.893421	Micro	31.5606
274	2	22	5.893421	Micro	46.4925
579	1	22	5.893421	Micro	98.2451
21	8	23	7.084766	Micro	2.96411
106	7	23	7.084766	Micro	14.9617
112	6	23	7.084766	Micro	15.8086
117	5	23	7.084766	Micro	16.5143
128	4	23	7.084766	Micro	18.0669
156	3	23	7.084766	Micro	22.0191
224	2	23	7.084766	Micro	31.6171
755	1	23	7.084766	Micro	106.567
19	8	24	6.728043	Micro	2.824
92	6	24	6.728043	Micro	13.6741
92	7	24	6.728043	Micro	13.6741
100	5	24	6.728043	Micro	14.8632
109	4	24	6.728043	Micro	16.2008
119	3	24	6.728043	Micro	17.6872
186	2	24	6.728043	Micro	27.6455
487	1	24	6.728043	Micro	72.3836
68	8	25	4.197906	Micro	16.1986
202	7	25	4.197906	Micro	48.1192
236	6	25	4.197906	Micro	56.2185
255	4	25	4.197906	Micro	60.7446
256	5	25	4.197906	Micro	60.9828
295	3	25	4.197906	Micro	70.2731
469	2	25	4.197906	Micro	111.722
709	1	25	4.197906	Micro	168.894
18	8	26	5.969972	Micro	3.01509
75	7	26	5.969972	Micro	12.5629
91	6	26	5.969972	Micro	15.243
105	5	26	5.969972	Micro	17.588
110	4	26	5.969972	Micro	18.4255
134	3	26	5.969972	Micro	22.4457
193	2	26	5.969972	Micro	32.3285
663	1	26	5.969972	Micro	111.056
47	8	27	6.390996	Micro	7.3541
158	7	27	6.390996	Micro	24.7223
165	5	27	6.390996	Micro	25.8176
165	6	27	6.390996	Micro	25.8176
169	4	27	6.390996	Micro	26.4435
233	3	27	6.390996	Micro	36.4575
263	2	27	6.390996	Micro	41.1516
842	1	27	6.390996	Micro	131.748
41	8	28	5.616133	Micro	7.3004
113	6	28	5.616133	Micro	20.1206
115	7	28	5.616133	Micro	20.4767
128	4	28	5.616133	Micro	22.7915
129	5	28	5.616133	Micro	22.9695
163	3	28	5.616133	Micro	29.0235
233	2	28	5.616133	Micro	41.4876
885	1	28	5.616133	Micro	157.582
47	8	29	2.904998	Dot	16.179
87	1	29	2.904998	Dot	29.9484
138	5	29	2.904998	Dot	47.5043
170	4	29	2.904998	Dot	58.5198
175	3	29	2.904998	Dot	60.241
187	6	29	2.904998	Dot	64.3718
188	2	29	2.904998	Dot	64.7161
222	7	29	2.904998	Dot	76.42
62	8	30	2.404308	Dot	25.787
150	6	30	2.404308	Dot	62.388
162	5	30	2.404308	Dot	67.3791
186	7	30	2.404308	Dot	77.3611
192	4	30	2.404308	Dot	79.8567
251	3	30	2.404308	Dot	104.396
288	2	30	2.404308	Dot	119.785
337	1	30	2.404308	Dot	140.165
68	8	31	5.447799	Dot	12.4821
150	6	31	5.447799	Dot	27.5341
152	4	31	5.447799	Dot	27.9012
152	5	31	5.447799	Dot	27.9012
210	1	31	5.447799	Dot	38.5477
216	7	31	5.447799	Dot	39.649
219	3	31	5.447799	Dot	40.1997
257	2	31	5.447799	Dot	47.175
33	8	32	2.939998	Dot	11.2245
36	1	32	2.939998	Dot	12.2449
56	3	32	2.939998	Dot	19.0476
64	6	32	2.939998	Dot	21.7687
68	5	32	2.939998	Dot	23.1293
70	4	32	2.939998	Dot	23.8095
73	2	32	2.939998	Dot	24.8299
82	7	32	2.939998	Dot	27.8912
72	8	33	6.901403	Micro	10.4327
155	4	33	6.901403	Micro	22.4592
169	5	33	6.901403	Micro	24.4878
193	3	33	6.901403	Micro	27.9653
197	1	33	6.901403	Micro	28.5449
211	6	33	6.901403	Micro	30.5735
236	2	33	6.901403	Micro	34.1959
245	7	33	6.901403	Micro	35.5
47	8	35	0.913634	Dot	51.4429
100	5	35	0.913634	Dot	109.453
139	6	35	0.913634	Dot	152.14
140	3	35	0.913634	Dot	153.234
140	7	35	0.913634	Dot	153.234
165	1	35	0.913634	Dot	180.597
167	4	35	0.913634	Dot	182.787
191	2	35	0.913634	Dot	209.055
109	8	36	2.586592	Dot	42.1404
155	1	36	2.586592	Dot	59.9244
256	4	36	2.586592	Dot	98.9719
268	5	36	2.586592	Dot	103.611
284	3	36	2.586592	Dot	109.797
322	6	36	2.586592	Dot	124.488
342	2	36	2.586592	Dot	132.22
427	7	36	2.586592	Dot	165.082
41	8	37	3.997624	Dot	10.2561
133	1	37	3.997624	Dot	33.2698
203	6	37	3.997624	Dot	50.7802
206	5	37	3.997624	Dot	51.5306
210	3	37	3.997624	Dot	52.5312
225	7	37	3.997624	Dot	56.2834
238	4	37	3.997624	Dot	59.5354
239	2	37	3.997624	Dot	59.7855
27	8	38	1.013582	Dot	26.6382
64	6	38	1.013582	Dot	63.1424
68	4	38	1.013582	Dot	67.0888
73	5	38	1.013582	Dot	72.0218
80	7	38	1.013582	Dot	78.928
107	3	38	1.013582	Dot	105.566
108	2	38	1.013582	Dot	106.553
210	1	38	1.013582	Dot	207.186
83	8	39	2.395783	Micro	34.6442
153	1	39	2.395783	Micro	63.8622
160	6	39	2.395783	Micro	66.784
162	4	39	2.395783	Micro	67.6188
179	7	39	2.395783	Micro	74.7146
182	5	39	2.395783	Micro	75.9668
210	3	39	2.395783	Micro	87.654
252	2	39	2.395783	Micro	105.185
59	8	chr16p1	3.126231	Dot	18.8726
180	1	chr16p1	3.126231	Dot	57.5773
197	5	chr16p1	3.126231	Dot	63.0152
198	4	chr16p1	3.126231	Dot	63.3351
201	3	chr16p1	3.126231	Dot	64.2947
212	7	chr16p1	3.126231	Dot	67.8133
221	2	chr16p1	3.126231	Dot	70.6922
251	6	chr16p1	3.126231	Dot	80.2884
75	8	chr34p1	2.765276	Dot	27.1221
118	6	chr34p1	2.765276	Dot	42.6721
127	5	chr34p1	2.765276	Dot	45.9267
143	4	chr34p1	2.765276	Dot	51.7127
149	7	chr34p1	2.765276	Dot	53.8825
162	3	chr34p1	2.765276	Dot	58.5837
211	2	chr34p1	2.765276	Dot	76.3034
581	1	chr34p1	2.765276	Dot	210.106
130	8	chrZ	86.307981	Macro	1.50623
552	7	chrZ	86.307981	Macro	6.3957
601	5	chrZ	86.307981	Macro	6.96343
622	6	chrZ	86.307981	Macro	7.20675
670	4	chrZ	86.307981	Macro	7.7629
762	3	chrZ	86.307981	Macro	8.82885
978	2	chrZ	86.307981	Macro	11.3315
2634	1	chrZ	86.307981	Macro	30.5186
